YEAR MONTH     02330450     02331600     02333500     02337000     02337500     02338523     02338660     02341800     02342500     02342933     02343300     02343940     02346180     02347500     02349900     02350600     02350900     02351500     02351890     02353400     02353500     02359000  
        1980           1   72.143257       68.794975       70.334824       69.465332       68.303467       64.725479       51.081940       63.014839       49.226620       55.902477       52.965885       68.323288       58.158440       61.042450       66.174133       62.260376       60.261948       58.516632       57.770222       61.375183       64.434761       71.618622    
        1980           2   60.764744       56.354858       58.029602       56.782921       58.612495       58.839111       51.848846       51.435768       45.777451       33.683910       29.570280       35.156929       55.845070       55.728245       42.875046       44.264721       39.947235       41.939056       38.515545       30.814381       32.520702       39.803879    
        1980           3   197.61966       187.36226       191.58060       135.77298       134.42798       133.62550       128.95259       132.99583       115.24426       124.75781       120.08163       128.81924       144.74107       146.27689       138.30965       120.77491       112.99627       115.58313       115.69661       126.89848       121.20751       118.58057    
        1980           4   153.35187       134.72958       137.46721       81.569595       88.019600       90.445259       77.758011       78.695313       82.173973       88.877220       91.649429       98.828552       75.904686       76.182823       61.181477       62.777046       63.269577       65.241425       66.472153       74.808289       73.276657       99.050224    
        1980           5   139.91405       121.96615       114.20115       68.358353       74.840820       85.108368       74.621689       49.170719       68.245674       51.589241       60.543350       56.086426       65.345383       58.723000       27.648474       34.590633       38.129822       36.166397       37.001583       53.013054       53.780827       54.709045    
        1980           6   91.473068       80.301964       76.096268       41.775970       44.264450       49.589355       44.778942       26.177519       38.738487       29.192326       39.068207       32.751274       36.104237       31.579420       14.083471       18.433245       21.478178       21.782486       22.062454       28.107143       28.652693       33.306507    
        1980           7   59.703102       52.175678       49.169811       23.359259       27.086536       30.437164       26.998158       14.387754       24.607580       15.552436       24.553886       18.788002       18.876684       15.825597       7.5254879       10.628744       12.460169       12.126031       12.250769       17.164917       17.050949       20.256359    
        1980           8   39.710579       34.509163       32.209728       15.639853       18.801361       20.972263       17.897629       11.951660       16.036282       9.9169989       15.320158       11.341499       13.350738       11.921000       7.5907879       7.6936798       8.4868994       9.1903973       9.0942297       9.0676289       9.2305813       12.864898    
        1980           9   50.264851       38.069336       32.178757       16.715826       16.751692       15.875488       14.162889       7.2385302       10.740882       6.6944470       11.843309       9.7524376       11.421773       10.055402       5.4559932       5.4239683       6.3303051       6.7531352       6.9559951       9.2418604       8.5837107       11.023986    
        1980          10   43.246841       35.472469       24.308331       7.8949528       8.7770052       9.9130983       8.8001261       4.9270501       8.1343536       6.0606842       8.3148880       6.6808300       6.0333972       5.2018824       3.6674759       4.2239509       4.7085762       5.2877512       5.2699838       5.2450438       5.2807522       7.9346666    
        1980          11   46.927383       39.379589       31.363785       5.0908365       5.8131227       6.2376461       5.9730301       3.2404070       5.6314178       4.1311083       4.7440090       3.3636732       4.5503087       4.0975089       1.4313092       2.5887899       2.5032501       2.3592598       2.1205604       2.8199189       2.5725300       3.5350196    
        1980          12   30.362770       24.517004       19.666935       2.3593605       3.0801368       3.4857111       3.8614850       1.8872153       3.3689067       1.7568195       2.4415512       1.6200449       3.0400026       2.6455235      0.90451789       1.2555356       1.3337498       1.2357078       1.2194209       1.5069741       1.4444150       1.5193369    
        1981           1   22.614773       17.195971       14.851960       1.5962790       1.9027631       2.1463091       1.9609950       1.2697761       2.0832932       1.3603015       2.5140696       2.1375222       1.3308966       1.1730303       1.1920946       1.3607547       1.4661808       1.4171742       1.4039415       2.0669441       1.9694996       2.1339319    
        1981           2   78.807831       69.367607       69.014603       46.523598       44.861794       29.009998       30.492685       35.746803       40.559788       49.105141       35.598652       12.483696       48.342335       43.939713       12.627697       41.187748       32.004433       40.261917       28.587872       9.1542950       8.2529430       30.037266    
        1981           3   77.130600       64.210388       64.852066       49.799053       53.273590       44.648888       43.513615       38.448860       45.021980       56.453873       49.463299       38.042919       47.368114       44.498676       27.545671       49.367363       43.642509       45.928593       39.045158       30.545584       26.530916       49.866573    
        1981           4   56.573811       43.835190       43.951534       29.711025       31.599653       26.859470       26.308521       44.071159       41.328278       29.404097       27.570868       18.591635       26.086702       27.512529       19.518694       31.137602       24.857927       25.577000       21.024506       14.402640       12.479586       24.542776    
        1981           5   81.981407       53.228031       58.679749       34.985874       32.884460       19.718134       18.221611       21.240807       23.758926       17.508467       19.116638       12.614206       15.399010       14.797055       7.7752657       15.392897       13.503366       13.718312       11.765293       10.030397       8.4847918       18.103195    
        1981           6   53.186966       35.451359       39.140644       20.455830       20.441292       12.144463       12.873194       14.451632       15.665606       12.006706       14.741375       11.039360       10.253965       10.020440       7.2579823       10.470743       10.013187       10.340349       9.1835957       8.5348845       8.3478909       11.862004    
        1981           7   35.534843       24.095982       25.111803       15.002312       13.904316       9.9322739       9.8251295       9.4185181       13.415109       9.7944679       12.628462       9.5378075       7.8295851       7.5659332       3.9279795       8.5819960       8.5918274       7.7197762       7.2253742       9.9595060       8.8899326       10.638517    
        1981           8   23.617407       15.715489       17.733459       11.445498       10.266059       7.4114213       7.2107825       8.7972775       9.0723829       7.1710773       10.455278       8.5499878       7.1454868       7.0817089       4.8907537       8.7203131       8.1091328       7.8011894       7.4565964       7.4154625       8.0064049       8.4680452    
        1981           9   20.207472       13.372751       15.540377       6.8036814       6.2564330       3.7406647       3.5955980       4.1736736       4.4285297       3.2938142       4.4667435       4.3863254       3.5417728       3.0394447       1.8195294       3.6152315       2.7045565       2.4778891       2.1380727       2.1471605       2.1980190       6.0951858    
        1981          10   23.002110       11.802550       10.503923       6.0849199       5.4726315       4.8614054       4.9652519       4.4734893       4.9439430       5.1806164       5.4838648       3.6952441       4.7928715       4.6984472       4.5066514       4.5135016       4.5362129       4.6644273       4.5810909       4.2582989       4.0013103       3.4255261    
        1981          11   29.466917       10.358345       10.199949       2.7224238       2.5204096       2.1226010       1.9052302       1.6053234       2.2738407       2.0522325       1.8860352       1.7064626       1.6515751       1.6079017      0.95839494       1.2885129       1.4823188       1.4170327       1.4889590       1.5146174       1.5424459       1.8085816    
        1981          12   68.214905       44.915939       48.863258       10.119362       6.3634582       5.4996963       7.0788903       45.350155       27.463408       39.320728       23.194595       11.208332       24.162575       31.012493       20.579487       40.317375       28.707571       24.563927       18.241243       13.076548       18.624277       6.6377144    
        
